33333333333333333333333333333333
33333300033333333333333333333333
33333000333333333333333333333333
33330000003333333333333333333333
33330000003333333333333333333333
33330300000000000003333333333333
33333333333000000003333333333333
33333333333333333003333333333333
33333333333333333003333300000033
33300033333333333003333300000033
33000000003333333033000300000033
30000000003333330033330300000033
30000000003333300000000330000033
30000000003333300000000033003333
30000000000333300000000000000003
33000000000003300000000000000003
30300000000003000000000000000003
00003000000000000000003333333333
33333333333333000000003333333333
33333333333333000000003333333333
33333333333333000000033333333333
333333333333333330E0033333333333
33333333333333333333333333333333